365
9 100 76 94 23 44 89 69 79 47 39 94 91 87 76 16 89 88 43 29 48 18 81 3 88 28
14917 431 14647 2261 9678 2984 16570 10407 582 13662 8323 8827 11367 12134 7229 12246 15989 8151 11462 19447 16300 6054 9833 13374 18722 10995
5026 14859 7099 1375 1800 10808 13712 2006 12366 2390 4801 9773 1996 14467 16023 1355 17715 15989 18096 12852 7676 3959 16364 18305 2602 8530
14957 10926 15715 1830 2649 9977 10146 11856 7803 6257 16445 8742 4809 3292 13760 433 1787 16279 6676 18960 538 10410 6591 6967 3989 10568
14385 7823 11590 19443 6439 235 17388 16306 5051 12503 3348 19488 10985 9836 15745 18586 5657 9086 949 15784 5470 17092 16882 13398 12608 995
11568 2728 6164 16652 18494 13943 11935 15057 1154 17477 7115 10694 991 11618 19197 2079 4282 3509 13566 1350 3892 1028 11060 17625 10436 11617
381 18666 1413 17317 6222 3747 6838 9102 12602 2365 2368 9878 7740 5046 855 3573 4851 10540 390 17968 10858 2992 18025 4663 14714 2297
8005 14746 3651 13806 3363 17615 13862 18375 19165 17251 9776 14045 9582 11503 4118 5358 13901 4077 3329 19088 9064 16964 16094 8809 4433 10076
17247 18111 19898 19456 15983 8185 16688 77 2427 4726 14342 12701 10612 10306 1196 14109 15451 6888 2944 9895 17536 169 8713 11623 10915 17375
1563 7931 19012 13100 13648 8491 8577 4523 16617 16481 5054 16758 12597 3356 14754 10420 15850 4506 5126 17546 4617 16776 13957 9125 18178 3317
8252 5890 12425 16434 3141 12748 16091 17593 1082 4735 18780 4939 17697 10316 4907 7035 11287 7260 5812 18169 16010 17084 16734 15764 3820 3693
6051 429 2941 11142 19696 14873 13099 18989 13732 7919 17546 10794 2428 4388 15222 9054 15063 4003 7085 4721 13230 14381 19153 13827 10095 10130
5272 13613 17847 7127 178 6733 9522 6550 4403 3373 18888 10455 6533 112 9853 17673 650 10423 1526 15889 7290 16662 1301 19754 11655 6926
11457 17448 9199 19679 13245 6665 16325 19559 19974 4317 3204 16730 13007 13989 13403 10588 4138 2820 4189 7715 1597 4994 3242 7071 13389 9780
9053 8460 11100 13624 2774 4814 15348 2272 1166 12660 11086 1621 8468 18549 14978 3327 13845 13745 17831 7284 14544 8780 14273 12937 19243 17752
17483 13976 1775 9875 1325 18993 17706 1103 3062 3254 19486 4763 19248 10443 5408 8645 18074 12742 477 6192 16390 17652 1826 15915 17519 908
19983 8145 13829 12598 9097 14578 9552 5012 6458 17870 7367 18836 6637 18772 12147 15652 5621 12594 14636 4908 11213 174 1518 10519 14712 17207
19249 17089 8973 18963 6541 3099 16303 15227 14016 14170 15090 13600 5607 8913 17015 9158 13182 2549 19115 3978 13752 701 2941 18228 769 9790
4275 10855 15507 5478 1579 12126 12222 16185 2743 6342 9740 11046 19074 1451 19987 7556 3652 16662 7063 19659 7524 4248 308 19769 3014 11095
451 4972 1195 16458 19976 14720 5714 17870 17628 15334 19756 5351 8898 1834 8137 6245 8502 7643 5258 11596 15221 7042 7866 19784 12445 17572
1912 5371 907 17987 19104 6898 1202 5852 5962 11242 11562 19026 9437 13613 18743 15067 2456 12745 11237 17870 6974 6611 9886 19956 9745 11297
5407 16250 1728 18228 11585 8009 7684 17724 4028 6479 5629 3838 5651 13936 17326 17346 14813 5927 14732 7856 18232 16331 1190 7108 6718 9018
4044 12294 11294 3008 464 18288 2867 4003 7759 5207 19172 9916 13310 6242 12818 4348 9023 12233 19643 18453 16887 3286 10836 11681 14331 4439
18812 5738 7392 9421 6513 6622 7150 4904 12433 2680 11735 18032 18908 16126 17594 12294 11525 4008 15563 13939 12096 19033 13931 4004 9462 5760
7471 4189 14336 9679 18336 1017 11177 18440 4615 5726 12593 17413 10926 6690 7123 10165 12016 3835 9320 12274 2427 5357 8452 8796 19791 12882
9676 10882 8098 491 259 12119 8073 6677 13057 7296 16129 8734 1472 18098 6645 11196 12496 13117 2294 16000 3739 15813 7195 18551 5484 10975
5213 7265 12519 18912 2687 13711 3300 14438 12464 13769 4586 19939 2665 18187 6515 17993 16519 10509 2644 5297 8439 16192 13206 5583 13572 7342
12266 9027 16603 10125 4519 17711 10174 12570 8645 1218 4188 14130 9093 7358 8276 8565 9949 4941 4390 5138 12700 5134 9239 13173 11800 16472
4733 3378 7814 61 16992 16782 10534 11759 7866 1200 9913 9337 15252 14775 11930 19402 15464 14389 7776 538 7127 5643 3166 2407 1517 5259
16163 8845 12958 14856 12889 11554 387 16936 3018 5046 224 7395 4234 16291 19106 18898 13152 7931 9646 12378 740 402 6272 8832 595 18825
12104 13883 4750 7566 17350 8907 2924 2802 13639 3824 9774 16589 12509 15791 3945 9240 16534 17804 10126 13584 9467 7651 5737 15408 11894 7962
9640 12900 9554 19668 12699 7079 14886 19744 155 14610 3600 9528 3390 7344 11682 18039 9206 3987 14071 5590 14345 4363 19870 5398 4204 17935
13621 8809 6913 7370 8070 7015 1715 14298 14479 17308 7659 716 9910 9554 16412 12060 15305 15567 16258 19098 11513 2639 16246 2358 13736 486
11011 4388 12321 8038 9934 13799 10113 12459 16142 8527 12726 4582 7105 15992 2319 16883 9904 13397 9030 15884 5720 15555 11845 14316 11000 15409
4467 14830 6581 17357 2617 14705 8533 16476 13806 13124 1711 6392 16890 5259 4478 12210 5713 3391 6046 14413 13228 11606 2179 17409 377 18044
765 16087 8614 16463 16566 7191 13765 16476 16353 7386 480 12123 2765 12283 3202 41 4328 15792 9226 15449 15356 10020 7810 17392 3411 16683
6172 12684 12067 12632 6987 17902 226 13070 15451 19574 12146 8579 15267 13836 8957 15262 5985 9285 6086 15738 2825 18651 16995 12044 612 19950
10688 9517 889 13702 13907 2258 7296 15262 9485 12989 7129 19897 19471 7353 10194 13088 10468 9287 2065 7250 16582 8521 8632 15457 4354 1438
9919 17415 6847 19668 4819 801 2365 14883 9386 230 14051 14407 9828 11825 2212 15772 7511 12389 12456 19916 12337 2575 7991 1419 7968 14167
8980 1908 18573 1914 5528 12059 3329 5166 2446 14435 9422 13081 2913 19676 580 11369 16126 6189 9966 8524 1976 10918 19767 13803 5848 2850
19945 3317 6060 4712 8555 16308 10794 8016 4907 3034 2835 2654 13309 8410 8705 13076 16147 19975 4700 13659 10878 18082 13628 11835 3158 1364
9319 11453 18152 19344 17576 7541 16602 15263 185 17136 14398 12453 3360 115 2852 648 4298 6399 15206 16395 5052 5289 19141 12679 11775 11792
5120 15231 6835 5874 4676 19236 14866 8364 19540 4442 18064 10690 12692 10483 17822 3021 1916 14500 7710 3009 2573 16611 19622 14654 11715 12548
10926 8303 16571 1977 12596 16140 12307 4878 17556 6069 19439 12313 6982 14744 14691 15221 7555 15276 5707 154 1464 10445 12142 7552 15939 8291
8005 1882 14513 1510 3937 14324 11642 18305 5044 15618 10967 12698 16392 7771 1630 12085 19531 19487 876 9493 6735 8796 14398 15708 19451 16132
14354 18040 2599 6742 17973 11681 3950 16084 8686 7788 9827 2294 14029 7007 18723 14988 5972 8628 1702 12462 18058 7520 10637 17306 10830 19340
15253 14042 13414 8633 14217 2199 4827 15498 19034 9960 5784 8264 13330 5320 10343 4813 641 11703 6637 18137 14237 9159 11348 14948 951 10036
6604 5595 13195 6175 19526 679 18041 17422 16474 7583 11363 4389 6056 12902 5073 17080 11659 116 976 19378 15292 6855 3645 13942 1290 11384
10403 17424 13868 12082 10031 5519 19498 10725 19087 10089 12229 19079 6200 405 271 7232 1455 5069 3430 3515 2261 8096 15542 5039 12390 7388
2506 9153 7278 3537 1724 15954 17443 17687 15838 13826 18629 10094 12186 14058 1170 2872 18841 9636 14367 4274 17522 11876 17222 8814 9120 12518
10756 16461 10007 1472 10248 4749 15389 8613 1865 14277 544 13302 18227 6972 17106 2617 2500 17735 13277 12056 19060 2271 15472 13352 10997 3019
19679 6173 16108 50 6573 3245 2397 10174 349 5970 12144 6514 8940 2406 18836 13310 12401 8306 762 11172 12352 2124 1900 19981 11741 3399
8495 2377 14031 12317 8407 4330 15418 2775 8041 14706 13877 10077 18371 3291 9149 3717 2316 1741 18702 17430 11152 550 18698 8425 19093 17479
9636 7599 1351 1672 4847 13397 13604 453 17608 16966 16940 15590 6453 10768 4901 11822 18996 19879 13962 5710 7740 16959 15543 9367 7180 18269
9330 15204 714 6434 7422 3891 6574 5650 19738 14005 4048 621 15734 5359 13405 17454 19894 10814 7889 16738 11101 67 15551 1512 12098 17324
8031 7614 18483 7502 1387 4432 16382 11671 10080 10691 8048 18847 19851 14322 12145 13405 14147 4735 16016 18165 14514 3837 5073 2810 5335 18033
6558 11506 11001 11951 5155 14156 11889 3383 2527 5981 2001 7510 10399 432 8710 10752 18328 4243 13303 12368 13345 1312 13140 9687 9213 12949
9179 10025 18424 7874 19611 4481 19069 7346 3273 1633 11141 17648 1172 18285 15544 18406 12564 14363 15945 6725 12243 601 18 14049 2972 3129
3299 3730 18614 5327 13559 12003 19308 1002 1476 101 470 10958 15480 19230 16640 15778 11386 3877 14246 11089 19330 10315 15488 8840 16409 8424
14308 2650 7879 9778 17030 433 2298 18932 15022 4204 4731 17405 10464 12970 11288 6843 2528 375 3074 16694 18822 2842 19789 5805 13332 18864
17635 14538 8465 17548 4555 5722 9773 18935 6659 5593 15490 1404 14497 31 95 17626 1628 14656 7181 5605 16685 9515 15058 7538 6184 8919
858 10204 10359 15671 10948 10827 17584 7206 15753 1052 13124 1122 18885 4374 7896 4074 8813 13041 12195 3059 14071 4350 9803 12952 1495 14959
4391 5925 3230 10744 3932 11323 1497 15547 9403 19424 2605 8962 15480 9277 10531 12666 17811 16907 3956 13288 9824 2704 4805 3833 12567 15108
8155 6839 9922 15131 614 16579 12395 4215 2244 4005 13067 8328 3728 7509 12324 19623 12557 6078 1654 14495 17960 17429 16776 762 17182 10684
10793 14152 8982 5442 8852 9075 14134 8842 17926 3416 19627 13360 6521 1696 848 17510 2719 19243 19736 8631 6148 19612 5780 2360 16490 18109
4749 16093 18907 8208 16424 12178 7610 7935 17513 4174 14931 2029 12432 17922 7331 3356 8031 2219 3511 12235 17450 1402 16559 1772 2827 542
859 233 4500 8698 7455 7670 127 19876 15902 4503 8714 2920 7810 9376 11965 1135 1499 14653 9284 9433 14969 14804 3061 3593 3554 13309
658 1886 1460 9143 11901 10621 7507 542 3564 14060 1039 18362 19146 9023 4454 14206 6280 240 11658 1049 2904 15087 11972 12720 19178 6192
5253 15184 10749 1176 18833 4345 12945 18871 7306 19893 15674 14184 4020 16785 19811 19096 14931 19224 3640 13605 4379 5173 4591 3833 6396 14574
9744 7843 1669 18935 17470 16311 17746 823 8046 14228 11902 16527 16318 1455 15936 16978 14208 12618 1281 6671 12962 10681 16795 17187 11349 10369
10356 11371 13184 4543 8898 14688 17521 9416 14792 4493 6930 10255 13706 654 9934 15048 14769 9875 8852 1319 7698 18872 1091 1849 16947 4757
18007 19753 5478 12582 4763 9886 3105 58 18177 15326 9248 18359 2369 15547 570 18813 13854 8214 2420 13681 18134 12444 1405 14961 5459 5233
18025 7757 18409 3837 5700 15024 18151 8468 19376 15164 19325 9587 2210 18139 10587 17655 9340 3209 5497 19882 5906 13034 3160 8445 18509 11336
6524 7187 7256 18207 3865 14041 1575 15398 3730 6358 4440 4898 19155 5785 4825 12798 19326 12242 4324 17678 17688 16816 8855 13162 15008 5924
6558 5316 17424 4432 11511 9304 13394 4580 7143 1685 7633 7820 1238 16634 2306 19753 14618 15099 1665 14667 5342 2116 13270 6816 14619 15843
12106 1052 18889 12932 14654 15442 2932 16408 17328 18335 9221 17889 18236 4478 7317 12170 6549 12793 19108 19928 11981 10229 13711 10985 9733 6934
3816 16431 8918 7489 2811 9787 10880 3559 10122 6258 15675 7481 6259 13469 7837 6775 5857 18041 4097 2446 4569 704 6491 14631 17251 12591
3849 16982 14445 13896 12806 5522 9642 4837 14096 16846 11713 5588 18166 16011 6024 17734 11588 10291 17218 9466 5201 529 2365 13494 8403 4208
5364 6084 12224 10985 17968 19347 15019 16453 15383 7457 14075 15384 4108 11632 3951 4475 8512 19233 19713 3023 6155 18099 10102 11899 1026 12611
18435 2112 2114 4604 12716 17322 5057 13379 10831 16572 3174 14153 9872 7101 10097 15905 14283 1995 18465 5479 7670 14404 8054 16820 15341 395
4304 932 8870 18091 14425 1997 1835 19818 16919 3382 16180 10402 1845 7223 12798 12496 9809 16253 7720 188 2134 19176 5236 2582 15645 505
19354 12003 15498 2073 17580 2237 3489 2971 7076 18418 19752 19972 14814 15622 6579 17546 2689 18733 1140 12518 8676 4505 6848 19295 19953 15972
2021 11857 19457 13235 14180 8144 5129 17403 1336 10646 5913 9958 1505 2973 13542 9533 10649 10744 13973 11209 18377 5842 380 18408 14649 19596
15907 14146 13369 15787 1574 18581 19165 15382 13118 1946 11943 11491 2729 19005 7859 7209 6623 3152 18793 1956 1749 12946 18644 9876 13102 14236
15901 8063 4341 14010 18865 4178 19803 12744 15426 9804 5110 9964 10868 13863 1815 6716 783 3267 6704 15988 759 11612 5624 6579 9990 14578
2031 1943 18469 9974 9211 3785 18603 16948 18879 15201 942 6303 490 5247 3632 6597 6009 8855 11193 42 810 7369 19298 3955 4581 18795
2403 10034 8102 18565 13080 6134 19449 18915 13206 8003 17832 1084 7616 19276 17981 274 2793 10196 18841 11942 4317 19529 7324 15638 2427 14446
12220 5531 16473 16480 11735 11715 16616 17049 9534 645 734 18641 16732 19247 8196 4646 12488 14865 8521 6155 1710 1605 9472 16589 17789 8075
15518 16058 2095 5363 307 10976 11838 9771 12401 3361 9242 6716 12956 3885 11592 16007 262 1205 11360 7891 17118 18466 19645 196 13054 9856
4533 14966 19815 6662 10804 535 15418 8970 932 2654 16535 763 3256 16529 18022 17548 2322 5644 15906 2291 19168 11312 8834 5467 19989 6766
13657 6079 17104 19270 14541 12816 19987 1157 7064 4733 12344 14668 13535 861 16274 17493 2304 7350 5167 462 197 5503 18412 9062 16198 2029
3935 3938 12978 6496 17690 2085 7508 13532 4939 11376 3712 5387 8871 18764 4786 9246 18102 9837 12108 13256 3560 12856 8653 17919 17503 9231
2477 13665 17506 10752 2088 10709 7625 4541 5186 13645 16550 3631 4161 5354 17882 1086 6208 13936 11530 14978 8450 1040 2151 5598 14279 12006
5960 11085 18086 17811 18608 9476 14264 7251 9152 5600 2435 13357 13701 2783 16325 9171 17544 631 9591 18900 7585 3396 11682 8843 4050 18785
4241 14510 11396 10736 9020 8545 6000 3931 14194 10759 2059 2025 12494 15158 4098 18130 7910 18491 8862 14410 2704 13382 6606 11770 6358 3715
11384 9055 19264 5761 19925 1593 9412 18750 3104 7738 11009 4590 17574 6337 8265 2141 17695 9867 8104 5140 17349 14339 7159 883 3003 18987
686 4946 17617 426 3419 18812 3028 3486 7339 2258 15474 7913 9797 5147 8973 18027 11089 13321 11130 3036 3242 12963 16462 13497 18523 784
351 13936 5090 4422 9656 18993 3522 3930 3020 18076 817 12472 10102 19968 14750 5877 17930 15447 4743 18171 8604 5067 9188 19672 7665 2776
11613 2485 12524 15566 19737 14172 8264 14036 14641 15592 16078 18018 17535 1564 2145 9606 3223 2651 3922 2347 10363 5856 5334 9987 7796 10919
2406 11137 13994 19717 13324 15182 19064 512 19035 5604 10603 346 6944 12219 11478 14443 3604 16511 9549 19643 6438 1193 9098 19272 13103 3290
5820 7277 4880 12094 2935 3213 14126 4845 6062 11303 10145 1264 10175 18382 8823 15877 16095 17984 4562 1706 18446 9009 4154 17431 15650 7347
668 14867 8461 15436 12782 7991 7857 4678 12903 14186 13675 9294 11803 1058 5864 10912 3887 19778 11412 1465 2758 13008 13676 19931 7658 4843
13137 17533 7459 9893 2447 13616 8443 6346 8246 9258 3514 16533 4509 3343 10208 9833 18110 18148 492 12820 16899 15861 1955 15383 2521 19364
18596 15915 19215 13708 10196 747 4744 17087 17362 14626 8892 1168 3267 2662 12630 11207 8172 12263 7960 6017 12559 18374 10539 9257 15306 11318
16566 11106 2847 14126 8946 6342 2059 9359 2909 12697 3760 9712 6346 17727 11570 16810 16576 3107 2101 15405 6570 1850 12747 16333 599 17173
14444 10601 5888 13773 3200 7713 19236 10500 3555 6642 5402 8103 1601 19384 11936 8949 568 16576 6521 9292 2678 5040 12266 12227 5811 3666
15683 2045 16846 8247 4603 18307 13526 11112 4985 14854 18623 7438 4342 13801 7747 12221 17275 6035 15475 12795 12027 12695 14261 12239 16214 2091
19438 3225 16222 11894 10035 6841 5993 551 17929 4413 795 11410 11092 9429 1065 17162 12204 3917 1256 17561 9839 11685 1271 2013 1631 9471
2532 14445 1896 14114 856 18719 1077 19272 14849 19588 17497 10358 15135 11810 1242 1225 19643 11901 15334 306 7177 8376 4571 9103 13971 11719
14442 3149 19867 18534 5370 15244 1523 19568 19048 17337 5714 15982 3599 13802 1498 17214 11374 18337 1898 11424 11192 8952 5910 17751 10508 17203
5444 15609 533 1751 10950 12040 19890 15373 8847 10167 9003 1663 13633 4819 7322 15233 8879 15091 257 5886 15682 3765 11928 7839 19374 18013
1262 9238 12159 9459 14585 9867 962 18637 1662 9620 7323 2171 10786 6713 5173 11872 15139 4457 9930 15247 17581 2007 17258 12617 18295 18388
9346 9445 18007 9581 5349 16299 14072 11597 9049 9639 4502 1573 12602 16294 18813 11610 13189 1712 7362 16058 13541 5243 686 10513 6912 9510
3205 16488 19555 7247 11033 12870 6772 14866 9994 16050 17592 16462 14608 3904 16078 3169 18272 18818 10346 8140 11534 5969 15112 14370 11266 16453
18123 10944 5304 11408 3710 3437 18499 7869 12719 16686 14929 8052 972 14313 18860 11062 15247 5483 11871 16152 15952 2223 14055 7815 1497 16704
15985 7535 9280 14900 3176 15221 5989 6214 10421 16414 2978 9582 9358 10172 13403 8338 8844 14938 1056 10671 1847 11156 5820 8040 12852 5775
14893 16311 1235 4509 12534 4832 1418 1435 10790 13801 19738 14697 14444 3799 14328 8913 17570 7215 16403 16246 15600 8816 6851 7635 6555 15733
9838 8233 19001 8120 14985 15467 19828 15928 12441 9940 4354 12546 5521 2563 12324 18972 17152 1915 5761 2774 2226 19108 2697 12516 4816 19519
5622 18236 18069 6911 16290 11111 19651 1907 2272 7683 14120 3176 5388 14469 10630 18247 19965 14755 7245 7682 5878 19783 16768 11825 15175 11323
15745 15278 3430 19933 8061 3816 14390 12915 6492 9319 11754 2410 3058 13286 6243 16538 3531 9483 18202 2155 9124 5877 8427 8542 15242 6898
13479 19567 2213 6220 7303 9498 1015 4105 14977 6168 19370 11532 19417 15397 13388 15004 4885 16300 4503 19839 9885 13827 17058 16372 17581 10820
13322 11332 4029 6279 4289 7974 9852 8980 19452 7473 19148 7162 18044 8656 7356 7858 6063 3018 14804 8231 18561 5094 1569 17742 9146 9825
15551 8222 2224 14468 19143 7165 6442 17880 14265 10561 1258 6841 18707 8232 16715 5748 13183 16448 12590 19517 7451 10792 15449 16095 8208 8564
7392 8406 12856 6632 10267 13098 4351 5766 1857 17977 4950 1410 16892 3917 9402 10986 18346 14752 802 14175 4600 3021 14966 2332 13411 7989
11043 14899 8294 16554 14325 6109 13232 6512 18763 2403 854 5021 17906 5916 5187 7835 18662 19662 17957 3298 16699 15400 7726 7436 4361 14475
7603 7606 13657 16093 19533 8944 13345 11256 15041 18268 1487 15853 19859 14699 1477 10327 16906 7052 5804 19432 11729 11213 6242 19014 11557 6128
14288 13123 11103 7811 4255 16420 17918 10522 15279 16015 7803 19097 9556 2289 19731 5355 16519 16741 1687 10379 10339 5878 10544 14764 17476 8269
3930 14097 9740 17365 19749 19830 15207 17132 15828 7684 16773 6159 2877 19391 9916 9306 7865 3350 227 1414 3679 15819 1293 19999 17299 3357
14764 11566 4534 10525 4463 6410 15628 16184 16969 5716 14373 3525 18192 7505 10393 12723 16564 18844 6352 17901 1898 8137 11063 16072 12917 7381
5940 543 6117 11949 12807 15965 4412 5847 19795 12959 18456 18274 8033 19392 17054 1334 4352 18189 2659 18043 19422 11939 8699 6417 1407 7676
17695 13586 4684 6359 19536 9762 13087 16723 622 8649 6443 3185 9716 4040 11057 9728 14576 9493 16782 11707 18331 173 1837 5198 1811 8996
11650 7593 17385 10662 11781 19381 2066 13213 15815 9453 13273 8222 12756 12938 9635 5855 8367 9194 17030 6765 5437 1068 8288 4503 11353 15009
5149 19903 10348 16129 17501 12969 13332 5850 18033 9078 18630 11844 10421 14177 3603 3897 16280 4948 2443 8207 15024 15500 18470 6994 16100 16235
19795 13795 13011 9283 4189 18835 18498 19378 2779 1316 12827 8765 13195 1889 16796 14436 18890 529 14924 6046 9252 19077 15303 4267 6194 12807
2501 6820 2545 7172 8946 15444 15502 7579 3361 1935 7959 15802 10439 12625 14350 5835 7248 5079 10409 14456 9786 14800 12857 17186 5808 19116
4262 14834 14551 2787 9723 9863 15706 15059 7402 17011 3976 3671 5539 19982 3899 12736 16647 9749 3313 11290 13862 18065 15217 7977 8910 15659
3603 9786 10125 9106 16601 5044 12123 6030 16437 14955 6935 8586 1615 5523 8722 17008 15222 17483 16178 18724 1982 14663 7519 5139 18786 9502
12413 14772 15121 16765 3028 13009 8237 19684 8169 19421 6622 12204 11089 6105 103 4445 12177 10293 10408 17826 3674 6210 6925 11445 11025 3272
1931 357 11881 15994 11075 4286 7474 16754 13090 9063 16054 7425 8621 10325 4345 4950 2192 10595 9461 15949 14397 1341 19557 17430 7982 1765
6889 12648 12801 18632 12889 8857 2036 15476 14031 4915 8141 9137 5681 18707 2414 11615 14083 8186 16105 5803 19726 12136 18128 12711 16433 5746
5012 16708 5654 5787 16750 9143 10204 9555 10448 7954 9131 9217 15863 16686 18293 18547 11572 2707 11013 19986 1175 16883 4497 16345 7878 1039
5559 19648 14337 3448 7953 7828 5444 15128 17683 10825 6254 927 18528 19563 5973 12359 8476 14821 13241 6521 18109 7765 19904 10257 891 18789
19353 1259 8376 13841 13892 14400 12376 3634 9215 15264 14805 1775 15618 1417 7126 8837 4974 3377 17692 5339 17872 9845 15203 4850 10487 1368
18586 13083 9449 19182 16748 19620 19501 2458 15586 6383 19722 13167 4338 9757 9510 11503 10589 6684 18588 12869 1673 11191 19242 15949 18820 7551
13840 10235 3005 12279 6643 9396 1901 19210 17070 18882 6281 9826 14012 6351 7703 2467 2546 2749 5573 3526 5554 644 16968 4252 1240 3283
17324 16801 3437 14204 18768 13268 15824 2012 9628 12023 15857 11733 7754 18032 9258 4571 16580 14339 9807 3549 4433 11979 2871 11066 8197 7100
3712 7586 13925 19355 17295 1764 4975 14901 13811 19886 15062 5953 6944 9520 1071 19458 4785 19483 7344 4944 16371 9760 2998 18552 4411 15173
10604 11618 8010 7957 16498 9478 7268 10651 4705 11242 18564 7666 11142 15300 14837 11792 6946 9799 3037 2506 19323 7430 1304 7079 6965 4451
14043 10970 15439 11691 10586 3697 12466 13477 217 1046 8113 12758 10505 14363 2944 12850 14009 2083 17694 2292 15913 2416 14484 14678 15638 18746
9794 10170 13048 4945 161 10150 3868 1977 1544 18462 18902 4638 266 9815 19661 13310 16336 3701 10357 18819 1025 515 1148 865 7917 6230
4349 12437 8521 10683 5426 5705 10399 9310 984 13426 3848 6595 11526 4928 13276 7945 10813 8317 10739 18617 11717 584 10950 2426 2702 5582
15933 5445 3323 12569 9271 11760 225 17656 10124 2663 12051 476 9931 6248 2228 9187 18620 9402 2702 11045 6122 16094 368 6296 5848 6165
4570 13318 4356 12216 3218 4773 11315 10199 18723 14861 8490 16709 17967 7132 1951 7901 15195 3648 3155 19135 5264 5772 17874 14086 13980 6978
11856 3639 10128 2152 18150 5592 18099 9989 5157 390 9167 14922 12254 14626 11891 4394 8077 12516 16408 991 10875 19284 15424 12723 16940 3742
18831 5737 3839 3697 3294 11844 13776 11216 14495 12728 18878 7208 1699 17349 6399 11699 14988 12155 6389 13065 13404 259 5378 7834 16135 15882
13412 7229 3136 3148 3596 14207 2791 5151 5113 15407 2313 18601 14357 18974 10104 14881 17032 7553 15060 16599 8632 19187 12360 8382 1239 280
19807 6614 13749 4056 16742 12858 15806 13511 14183 15289 11949 19083 1763 9642 10197 6814 17306 1168 16600 12320 16564 17559 1193 17729 521 6087
19 11365 9974 10999 7368 5294 8636 8319 19574 10264 3449 7665 5543 19006 4613 3580 6073 10843 7919 12132 17966 13524 18449 4068 18662 4815
8414 7397 11952 16200 16255 6561 18210 17096 12884 10582 9118 14664 17077 4548 8014 4743 9894 19582 14677 6860 9170 7331 6512 11252 7728 19362
4638 19693 2492 8839 1108 11894 13275 8395 6987 4751 16111 12310 7527 17738 14082 1114 4192 17501 11631 5685 13139 1214 4340 7115 18542 16999
3048 11593 5024 19893 8201 3067 15227 13725 3393 4855 17819 3758 3807 7131 15895 15566 17041 15591 19053 1596 19107 1039 3044 16626 2426 3159
1210 11455 12435 14411 3945 18947 4779 19784 806 16380 10119 17662 13490 204 15881 14829 1886 10638 10151 8267 18787 1656 2135 1933 8768 14350
9428 17236 7720 11063 10322 2004 10311 6181 6856 2871 19395 15747 11677 14617 13340 17130 5158 17606 18540 8602 16584 799 3347 16029 18912 13370
14303 15426 1983 19234 15063 14259 8619 8636 12542 3994 4901 15548 3680 19597 16767 530 12507 3965 4801 4229 19072 4198 8123 12943 18543 2446
11730 956 9875 3519 11702 3273 15668 11914 4543 4733 5867 15675 15599 2125 19225 19165 15444 19708 15502 7262 15994 16368 3743 5892 13938 17153
4953 635 16992 6842 13287 4889 19248 13725 8089 19740 10750 5854 15998 2365 1190 12136 7635 7445 2302 5120 4141 7973 99 16483 5085 8204
13718 2440 11555 19670 1187 13220 17553 4440 13254 949 14607 17377 12607 8523 8203 14766 5336 3887 706 180 3301 18616 11582 19087 9019 4911
3939 11899 18521 16829 1524 10684 7183 14635 13866 2387 8851 13359 14631 15204 5219 2869 14066 11303 11749 19528 1309 17903 18351 18569 10144 1322
17360 18846 15410 17387 700 11236 10391 539 18688 3517 2657 18675 12395 4363 9897 7496 14813 13407 12635 15003 10574 8969 2802 8212 2638 5474
5055 579 11551 19998 10813 3628 3863 2854 7716 8954 12712 2700 15417 9200 17851 9523 1508 5183 8923 8158 5762 15074 9771 2857 16495 9697
14747 8244 3984 10816 3798 5361 12371 844 5858 11473 4144 18892 9695 13653 1442 10596 5791 174 5515 17422 11174 1639 18478 5080 14235 19519
2498 7633 12343 19626 14786 3882 11720 3229 9510 4322 19720 17811 9106 4081 4727 16815 18781 5128 1572 953 4422 9048 6448 1429 10756 6401
15455 16603 3699 9872 5686 16605 6755 12427 14247 2329 11488 10384 12804 15176 13444 16655 19064 1251 19093 5384 17012 9817 3268 10980 8522 4622
9633 5871 15840 2912 18376 4474 19881 2268 5315 8931 17627 19559 17178 14436 19437 7352 4302 493 3052 18087 2570 15914 10844 8540 19979 6950
7368 9915 10026 4091 17242 8152 11325 15705 5096 5346 11579 8933 3932 18898 18845 3265 14478 19968 9565 17735 1881 14902 15405 2923 19547 5727
9629 18811 4252 14158 15431 4159 15010 10092 4515 11976 273 2171 14918 14262 10791 9195 16338 164 2460 9958 12642 15877 12119 7226 16456 7430
7528 6994 2037 5924 2396 6588 9001 3845 14216 8667 11795 16066 8786 18138 15009 11586 767 13663 19695 16360 11379 7574 13030 2492 7875 16199
965 200 11827 13116 16630 3417 14903 16566 17467 18900 6915 5107 7461 906 17728 6094 17604 17488 10384 10872 15305 5316 325 1002 18963 7935
17691 18695 1053 854 13930 5140 3190 7679 17243 111 1753 18996 1810 16118 4345 1260 12910 2495 7862 9034 16479 7469 19628 8932 15447 6262
7512 10432 15582 9456 2842 14287 9657 2997 13523 2027 11269 18675 14653 8627 3644 14136 2464 3200 7618 12919 13161 15029 12130 17807 10906 17964
11808 19597 16785 6073 3168 3477 15861 2157 6848 12677 11260 17079 17141 18185 2500 5989 2899 10448 3372 10061 6943 5337 15966 6015 4466 7611
15008 7570 12868 7290 11400 6555 518 5720 16219 6881 10948 13910 13092 8278 5091 10121 1563 1454 5770 17020 12024 9311 8590 3151 6239 1278
7991 2131 9339 5599 4103 17927 2744 4644 14255 8066 19934 14423 3023 19178 3247 109 8538 12109 291 8962 569 4753 19128 5574 8082 4675
718 18407 18430 896 8286 11433 15779 14609 8929 6581 10050 3008 3074 7859 14316 17758 7953 8254 4349 13349 19933 1645 10471 8163 2951 6388
6623 9599 1451 14864 7305 115 4671 12634 17033 9776 17295 5746 13087 7056 16640 13345 15876 6382 8765 17904 14108 17992 1258 9779 1633 6669
3382 15192 19642 8198 11646 14449 17499 15493 16290 14927 2639 11528 5632 8255 7731 12384 2217 6692 2960 13976 19903 14573 19780 9177 5352 11383
6147 10544 6053 8956 17021 12447 3536 17259 8315 18511 7219 4826 485 11877 15041 18857 17001 18469 18645 194 7115 896 16782 3332 2882 14270
15846 16963 4811 3713 14403 4684 13050 19167 2909 12552 592 4474 4157 10352 1579 2754 2724 16710 9986 16801 3809 10625 3793 11286 2148 11241
3953 9775 17057 4121 2676 12376 11247 19333 13473 18984 19383 12853 8182 15978 2191 9413 19040 1056 2993 16300 18435 7454 10259 8878 19833 6299
2396 13275 11057 962 1938 9506 6293 413 2986 8208 6681 9811 6341 16298 13083 1019 5025 464 7073 343 4266 8934 14453 8835 3452 6557
3133 2972 94 900 6628 16284 11470 14625 13472 9664 12509 13696 10554 7029 2350 3651 9681 12825 17876 12699 12424 15196 18600 9583 7930 7182
2466 18252 5314 11327 8489 11640 11281 5922 796 4345 12034 8453 10740 15004 6947 2432 18599 7720 15077 3566 14012 10493 18532 7623 3537 2248
2489 9453 10205 8004 189 3640 11930 13562 11317 11795 11542 14556 425 11626 9288 16585 5822 1750 1708 17955 16049 14846 17763 17539 1914 19123
12375 9005 12014 6166 9439 11024 3417 10379 6533 6499 6179 11635 16867 18724 9883 3009 7489 860 8060 1421 10747 4595 6254 19133 1724 4437
8266 10929 15172 6 10630 8257 12488 8906 12051 6032 1867 2374 4089 18151 4205 2608 19947 7663 3773 15255 19827 19026 13996 10755 1069 10823
3544 10266 14517 15903 18508 1266 18272 8034 11703 2530 6857 5510 4271 5845 18091 12091 7237 4948 10472 5409 6542 3808 11815 15910 9092 19468
16740 8288 16342 18634 3230 9918 13529 12268 13732 18089 12850 13531 10818 2054 17038 9956 13751 9665 16540 7260 13150 7906 11988 8769 3096 319
2093 16323 7210 8787 12380 1171 13184 14491 13017 10845 19327 12670 2063 1150 9902 17292 6895 4545 12323 3109 13375 16566 7549 11711 10424 10754
2119 3872 1144 977 11258 14792 17612 11793 5088 5091 7440 929 9748 16693 12797 14426 18272 2590 17653 331 19332 2732 6512 3973 10492 2912
8187 18570 10091 14929 19995 13818 12884 18882 1981 9884 15728 8297 7726 3347 15332 18314 2072 11398 10791 16139 15725 13964 17458 1787 8859 4551
15799 17228 1953 4997 18729 704 13056 1553 12774 8750 1445 438 16024 14509 12945 10601 17694 9388 18155 1533 3839 5096 18749 3263 16258 6790
16643 8520 15368 11381 19929 18707 14250 16354 2071 14291 14862 4188 11340 6744 3382 5351 1574 14001 18622 2629 11213 11155 17549 15748 8974 18415
9746 16767 1618 6605 8575 17620 8062 1217 17627 12735 15371 18625 10032 7125 18622 12351 10475 9655 17887 6938 9222 10567 3979 14176 5879 10375
19410 5582 19589 7017 8391 665 12828 19887 19869 18612 7619 8601 11111 14183 7143 539 1800 13217 7158 11248 8237 15481 11713 5895 3270 1154
12957 19193 19017 17274 17345 16683 12557 13712 4683 637 9252 11856 2515 10821 18696 4494 19137 17406 1687 14413 8010 12846 13050 10056 4446 13980
1381 8735 4834 3611 125 12342 18120 5135 5845 18746 2249 2244 19441 5421 13436 3622 4878 19025 17704 16501 6561 13269 15130 8569 7593 13976
11362 3054 4514 5133 5601 3738 4876 10481 79 2955 13842 4009 11172 3061 15896 10088 14239 186 7867 5714 11653 10098 2719 13777 2737 11745
2690 353 3485 6178 17776 9483 5404 15719 3259 2050 4500 6388 12687 11041 19308 14480 17466 4334 10799 8760 13048 19767 19539 96 17551 13495
5732 10490 14218 4948 10288 6080 3787 7981 10576 1134 6898 9455 12052 14517 6861 5485 10341 13481 7280 768 10428 1440 2320 16617 11665 10765
4483 8668 2083 814 6262 5867 10903 9349 19238 16585 4307 6509 14279 13792 13937 10347 9669 7668 4566 7789 744 10969 6224 14378 8540 10286
7270 18583 5284 9427 12898 12903 5647 4020 15093 15974 12766 542 15215 14502 14413 6747 7305 320 615 5964 19429 13299 3433 11116 2671 9654
7165 5637 5008 16980 681 7888 1885 6044 6293 8426 5309 10918 2480 7140 9435 15527 15192 14375 19988 4407 10711 17571 13758 16196 7895 5604
12245 3806 13674 6971 12799 8555 12467 7061 12870 12297 4815 7392 12655 14600 12292 16077 7952 7751 13145 14202 4115 8035 97 11180 3210 14704
4964 7905 7211 16640 17961 2104 18071 8449 19292 11275 3645 11349 5586 5897 12355 817 10318 2064 11583 10629 6811 8517 10891 5089 9163 19955
14368 613 16438 6124 5027 4431 13717 4662 6085 2787 10415 13172 10049 10050 3558 3028 7168 17739 5965 12920 8516 6705 18323 13886 2314 1093
9337 16137 10669 3394 1371 16329 6763 11219 9988 16387 5063 3844 2715 8338 8103 17662 3786 10869 13884 3322 19997 13622 1397 17789 18931 19428
2234 12432 7807 12507 6808 5911 13886 15846 5344 8517 13002 8775 10882 10483 19515 10078 14656 12829 11758 11735 9053 8125 3979 18729 12338 8110
5366 11366 5545 18870 4319 14524 5854 17572 8060 16790 1665 1951 14410 9532 3638 14674 1501 14313 13554 8958 1671 12231 497 18775 7136 16122
3010 17392 5140 14492 8707 10759 12626 19233 7048 2801 14804 13158 1544 10955 562 19445 14034 11460 16855 2119 7261 15839 9760 8336 3722 14404
19028 584 2023 8210 15295 8774 11448 769 1355 17831 3339 662 11495 4274 6434 2216 9127 17879 8262 5214 11352 957 13156 804 4066 2751
4300 15529 2272 13508 1165 6176 11718 3829 15925 6712 17426 4439 13439 12077 15353 7243 14439 3000 16189 17126 1601 14336 3136 11506 6036 17000
3828 8624 4495 8310 15883 18766 16789 5165 3330 8441 4274 18885 623 7075 6180 7659 12055 2615 5401 108 449 8700 12729 19133 15995 9451
19525 17239 19830 1615 3708 5784 10341 9229 9421 4944 6277 6349 9321 10216 8045 15891 4551 7037 12161 14206 18330 10339 7838 135 899 16539
12039 13757 5378 19538 4001 5555 14612 13611 8869 18699 9458 4218 18492 9362 6655 5048 683 1407 1113 7697 14986 14506 14410 8527 184 14815
12347 5383 1381 5393 12616 7686 11935 2475 15824 4184 8768 11605 449 11187 3098 1049 10675 4283 8998 7268 7948 8401 4550 6754 6404 8913
19027 16653 6520 15706 18646 2255 8914 8651 12425 607 12754 5972 7139 19161 1926 19611 13837 19758 6870 18648 8760 14254 14847 14737 2228 12332
3970 17089 8841 16261 18974 9641 16609 6536 6926 8415 720 9582 3141 3549 6190 13208 1007 10720 1487 1710 6289 12038 10473 422 5028 5273
10369 16911 5631 452 10467 13777 14476 11955 17604 1336 2585 11188 7304 5901 9260 19460 12650 12142 17634 10842 14256 17537 17916 13678 5101 4041
16811 14559 5258 16939 6050 17173 4262 2760 4216 14345 12156 8870 12254 19272 9727 4966 4266 9848 14286 17931 4592 316 13331 7304 9815 17597
6813 16493 17861 8291 6209 3505 16248 19927 13415 6024 9151 15613 3892 15995 806 15358 4049 9145 8085 1676 4055 8351 1239 13356 12191 2446
16847 17193 7579 3708 8945 3845 6769 13902 1029 5067 12301 2874 6044 7867 9681 9796 17196 313 18111 17027 19418 15891 6241 17061 15380 15078
5894 19762 2562 9481 17151 9947 1757 4675 679 17868 10822 3737 19893 16057 29 1445 6501 7344 245 8505 3353 16614 786 11555 13509 779
10680 3351 13561 9263 9759 3706 14344 13611 8374 6241 18020 3023 6007 6680 19337 17253 9576 15058 15743 624 16893 15064 6391 3085 4717 13616
15331 219 5404 16504 10552 8232 6333 2273 18756 17304 19368 18131 6507 8028 6877 15938 8653 14340 9309 14241 11385 4576 1925 7446 18514 16165
3006 2256 10018 1025 785 3763 15873 5296 9960 15969 2096 15371 4277 14569 16524 1381 3209 328 932 7770 13410 6848 5260 1687 11365 6112
3799 9555 14668 1417 7787 5375 8286 15602 15779 2613 12176 7054 12719 4858 17494 4974 9030 3435 6235 18533 9714 416 13616 6181 10362 11904
13006 9791 3859 16544 12878 17759 9442 18973 3723 7544 3893 8641 11254 5661 17013 2084 13385 4599 3832 1104 7563 18168 7480 9060 19779 15367
17264 11954 3666 577 16780 17192 8434 12941 17619 7814 2551 6739 15657 9858 9651 18854 3052 8322 5840 8118 7076 17471 11517 4353 6790 4556
7836 3884 16782 18614 16472 2251 6103 15975 12739 19774 4388 4155 2366 13797 19617 10977 4503 8052 12301 12097 15274 13789 8208 2952 7702 12301
15545 15955 12813 12115 17351 16737 16709 6478 11340 8767 8633 12902 878 9543 4908 10747 1983 10879 2333 3681 18534 16229 11438 4455 4143 2791
9890 17768 11250 214 19080 6180 739 16555 8851 1080 5544 5964 1674 12293 12981 6041 3420 13411 10114 2648 14829 17967 3947 9093 4148 7940
9499 9294 10687 9466 9871 14035 5201 14560 2663 5830 9835 5535 1318 12659 6197 15475 6062 7729 3698 13026 10630 3538 8211 11901 3486 253
16929 14985 982 11257 18262 11042 9656 1504 12667 10428 5845 13282 19636 14398 3005 10242 7066 5704 13848 16085 14346 10124 14216 17883 15372 8306
5060 2996 15143 7014 18123 5069 6381 8224 495 10667 11308 9095 7562 14171 16160 9325 1070 15089 13418 19132 451 19895 5839 9907 3994 10199
428 3034 18217 17965 1348 494 7144 3218 5185 12608 2409 16123 10413 12641 973 611 4413 11852 19058 17013 106 12172 11361 13958 9446 3695
4085 14287 17185 14456 1189 9590 11278 17118 10594 11563 5904 19262 8847 15686 5003 18166 19939 7178 10089 269 3215 399 10288 15810 18564 9512
9258 964 3194 15008 18189 18093 11569 17800 5040 1197 9812 1087 10788 16583 4502 13350 4648 18834 11259 11946 12508 12986 2163 3548 7196 14524
15968 1965 3992 4465 3208 15702 10206 13063 7592 1911 4178 5843 9809 4509 15547 3581 10219 17795 8769 1318 6699 12322 11432 10253 2698 4006
9227 1265 15808 3376 18020 15188 19790 4723 9401 4966 1847 6783 4236 8281 6074 2417 2675 2149 14850 6559 4335 18779 16758 627 17266 6638
13123 9119 14258 19740 19207 4770 4465 3191 2095 91 14987 2902 3184 964 19053 14856 5331 2528 7929 8432 39 1484 10080 14793 2332 7636
10360 7628 1388 10628 6448 16169 13407 2595 3065 8661 19959 14901 8182 11759 2766 5620 11319 1783 19027 3400 10060 5566 17430 17841 3279 14642
4688 16896 14277 357 16271 6300 17562 2250 17214 19005 17749 8654 17290 2364 19467 19531 12472 12115 7904 14456 11450 2322 1812 8676 12945 11491
2844 16017 6056 4471 4768 16212 11520 7287 7321 9647 9201 12985 13799 8537 17350 1791 10854 12555 16648 13247 5346 2695 2091 2975 1738 9993
17508 18253 5741 6566 6737 3093 9468 13796 1979 9723 15266 3930 17150 4265 6817 12688 18706 3566 7838 3445 1105 19323 11305 19763 15640 1360
7264 13493 5349 11587 16276 1951 11165 5650 18522 9173 3823 11879 12244 9231 12194 16443 4845 12628 3889 9698 3258 8404 444 12579 18675 16107
11985 16468 2352 8590 15712 9256 18112 16197 12281 13252 18948 3957 16446 8879 10941 17661 5433 3020 11671 10186 1336 11752 14117 19453 13564 8283
994 2059 16371 3020 16263 19860 12425 19609 3051 2440 16464 16817 906 8200 10120 15472 14523 8781 12851 17997 19391 9209 2655 12018 17119 7941
16942 14446 14781 7155 17136 11981 10230 15815 1635 8964 15156 8551 3756 12655 7576 17412 8300 1189 7070 15366 9042 18057 16731 1752 1888 6729
11775 6583 12769 12120 7827 19339 6694 17827 14290 1070 6416 8181 10477 4081 8888 10498 13898 19050 19538 5362 8697 17484 12881 1519 11736 6353
4895 7157 3266 11286 9071 18824 17977 1723 15992 19679 17951 18181 14135 5862 6155 4709 11404 17533 3906 4455 3287 10905 12267 15129 3538 12699
15252 13935 16187 12356 11886 16494 12903 7034 4483 10557 19946 18908 19544 3845 5471 13440 1416 4816 6282 2033 10768 10322 9948 12541 13742 13684
12855 3824 9017 8130 18959 3045 12735 17280 5640 3052 1139 15181 11971 7277 2636 6581 6839 2428 16396 3677 6209 5558 5413 2058 18078 4455
14308 1904 19304 16466 11130 3325 5796 19444 9344 9626 4948 15916 15802 3848 12747 14678 8332 13157 17771 1653 14700 12355 11490 15637 18914 2005
2542 1858 12468 7887 2046 13303 1127 3359 16667 9106 14469 3109 11980 5636 12489 16801 893 14128 11114 6553 15974 14406 14092 10851 17785 3195
18543 8812 17129 9295 19611 18053 12309 13729 14473 18236 6871 12936 15893 18212 16719 13991 19854 9473 8476 13662 18841 9422 9148 69 4985 13175
11905 5266 14357 4830 3207 6290 5814 13395 18790 523 14665 5698 13458 10875 17090 7764 2746 726 14149 2106 1242 14215 9412 13401 7095 1236
16878 9986 19605 19308 11582 4822 14168 11557 5578 6995 15998 14385 17628 15343 971 11499 18760 13298 4843 3266 17557 6814 16324 10274 11681 19851
5153 6539 15493 3959 5644 58 7719 9642 14793 395 2205 15155 11887 10880 11881 1508 6478 4673 4543 6957 3227 563 5170 13265 12238 9617
8041 15336 11021 12745 7378 16131 17733 833 6047 19081 2606 15215 14904 2425 5306 19395 8808 7995 7655 5623 3620 14473 6949 16924 14077 11601
17287 13838 9647 2313 4054 10660 13925 12514 14654 19316 14861 4790 10544 10062 436 2324 6159 6898 3977 10092 17470 11611 12442 8305 10305 12367
279 8132 2410 11080 4190 7358 7048 4495 15289 19613 10031 18759 8295 19005 14809 2165 5569 12782 11567 19268 8897 5665 11433 14685 800 14719
16222 17652 13330 319 15832 10835 3961 9961 19953 16431 16248 19246 12809 4061 16493 14619 6320 9905 12977 19634 12577 16577 10529 8277 15232 16239
18912 3651 10914 672 14131 13322 8362 11844 11385 6191 3799 15709 7361 880 13767 17684 7860 243 4866 8642 4435 8383 6109 17910 2540 11346
6401 5207 4985 379 14075 1319 13202 9637 16252 17568 4811 13580 3357 3903 8950 2235 13682 6094 6395 11693 9115 8786 2856 4015 8938 17649
11831 18612 30 11300 15823 7733 5452 9736 12404 5130 1808 2711 742 6439 1402 18262 14053 11242 3127 3141 12873 6382 16135 16125 7377 13532
2526 15287 5394 10924 4974 19269 14688 4195 415 1145 16607 16984 14658 2191 11677 18013 17094 1478 13917 9455 4836 9571 12215 4922 1087 18548
8432 3935 12845 3824 7595 5526 13041 9327 4036 2128 14228 673 7280 15540 8343 18754 981 1388 14547 18289 4879 19595 2305 12943 1889 7022
5835 3138 6799 9654 10272 3080 6774 8753 14872 8335 16511 11009 16531 6778 5352 879 17096 19165 9405 5593 18914 5665 15971 19753 6508 8315
14314 15455 8815 2734 3650 16746 8196 1332 6142 17289 2664 210 3563 112 1622 5049 10508 13349 9299 15085 13501 593 16679 9301 13554 8772
12668 819 19774 3496 6102 17798 8458 5825 5736 7167 6732 4014 10670 14062 4399 11671 1373 6761 19132 1093 13337 8245 16882 4523 17645 4817
13438 11438 12041 18185 7636 17754 7344 17634 9911 17665 619 11722 16652 8954 151 2689 17317 2248 7697 3243 13398 17008 2450 10821 19744 2834
6642 12024 1764 12159 16007 10906 14662 12165 19756 15377 8714 7093 8993 3430 3241 5597 4453 5232 5336 8394 17378 18354 16642 12435 5260 19477
2880 8524 16368 13666 18226 13422 4380 18117 16333 8768 8351 3646 7196 4575 11182 7819 7643 9545 640 14845 12843 15133 14349 7143 8752 12776
6726 15033 10419 10782 4001 13026 6007 19285 2585 4622 3650 14005 9893 5056 16588 4274 10413 19353 19922 2773 3387 13583 16156 7207 4105 3697
11639 17924 12118 8437 3322 3400 16128 14452 6086 9371 4698 16837 7142 2637 19614 2337 6686 17402 9025 2427 7742 13574 11783 207 6223 12722
14318 11532 19650 3260 18498 14135 14096 18066 18846 11075 1452 2540 14711 7386 17114 4711 1044 17613 15920 9988 17813 16997 14059 10599 4302 922
2979 10400 18825 16712 11493 4571 19994 4726 8225 10594 10290 7399 7124 11554 2752 14417 10044 14472 9999 4344 18068 16208 18188 18010 1533 5252
9765 6816 5157 9330 14214 7723 1429 19707 5253 10806 11416 11244 9461 18059 4903 17125 10042 7932 6100 17605 8143 4813 17819 9814 13027 6533
8712 12424 17475 6968 17752 13512 19223 18984 4522 1352 4138 18485 14517 15885 3034 9547 9664 16212 3550 12918 17273 7431 6941 12083 4291 16778
63 19256 6164 16336 611 2389 16022 17986 1265 14657 14991 8081 13532 12117 16771 17029 4208 10548 14784 8419 2473 10966 5140 17146 1625 15918
771 12884 4464 19909 14070 11706 7768 16467 17612 9834 1742 5246 1506 7623 14088 11453 5076 7379 11310 12974 184 17666 5831 2164 6614 1192
2940 18832 14148 1213 8322 6670 1049 15364 2293 9086 17015 11603 2218 2353 7660 3599 18856 5689 7287 12542 5029 17576 15243 15137 4230 15521
15978 6926 18970 15766 12325 13097 15282 6236 3053 16079 11965 1188 14019 18029 2567 3409 19367 754 8757 13847 8201 2476 8997 10418 5964 3989
5989 13110 1514 16134 3501 1601 16354 3021 1118 5600 7808 6085 19286 18893 11302 4568 10605 19241 9728 13503 7004 2395 9451 8010 818 19384
10372 12965 18327 4428 6530 13326 8282 6209 14176 10384 15616 13819 15643 16217 13769 3197 4086 10333 4086 10495 8309 5393 8383 7691 1225 11448
2360 16030 3252 2609 4092 6677 1774 8229 19716 663 9044 455 1266 2995 15023 5665 6600 7218 18120 6876 16142 679 4249 1406 12249 10767
10084 16825 18368 10446 14759 13842 1517 11360 16669 2655 8004 19905 17116 9908 18778 4046 15494 5541 1514 7920 12027 9296 3535 13989 14355 15013
1242 15781 12365 16212 15627 19650 15551 17276 16955 9971 12534 2850 12547 7552 8798 18684 15593 1585 3571 2440 14836 4900 3593 12763 7086 13410
9838 10309 5157 4515 3800 9620 1559 476 6860 10171 7702 19127 9974 14116 10391 6021 14947 2446 10488 10779 476 17542 269 18397 2188 6960
14475 5862 16260 18403 7791 10298 17188 11750 3358 18168 816 1667 1642 8530 10043 5076 1013 2611 3047 15162 7160 9280 11400 8519 9909 9403
14281 11044 235 13854 8105 13696 2046 16673 15718 18437 13809 18676 4723 2477 652 19632 6258 8294 15148 3733 12223 4497 7010 15595 2794 10159
13668 13458 58 1671 7533 15775 11108 10908 16930 16938 16309 16381 19368 1659 7149 17865 9094 17019 9432 1509 11548 15923 7763 14007 13606 3075
18295 16192 9097 5965 12412 10492 19358 13348 15296 5733 3733 12447 19501 13280 19548 19409 14591 4427 18481 16325 9682 14046 14468 3527 3525 19891
106 19727 16015 3841 1134 10896 3484 3428 11053 4381 8991 4919 16197 12876 14799 592 18083 18668 5364 10492 8829 3639 17007 10752 7040 17023
10535 4200 10064 2751 2592 9061 18474 1097 8143 5849 14591 5399 17435 11139 11795 3998 9131 15893 6670 1539 7277 12932 19400 17331 2801 2326
6272 4169 12874 7732 19007 16102 2832 8715 17158 2133 4596 1342 15502 6427 12129 2456 4280 10357 18576 17250 16649 11485 11519 16930 19477 15861
864 3423 3781 2638 3386 3796 5817 19778 14980 10472 12199 10390 3941 1121 1375 16451 4423 12122 17911 9153 10723 10293 1327 2551 18700 17544
14228 13255 18636 5243 4325 3888 2249 4181 12212 10123 11760 6234 14816 15936 5845 12712 18508 13384 14767 4549 8711 4875 4137 1515 15716 17623
1562 13370 9107 575 13432 2491 11198 696 15220 17681 18353 6737 6315 14702 6675 13696 19432 18539 11816 10020 4621 12752 15252 10482 8543 11405
9450 14361 9537 11618 8561 10936 15029 16748 10097 7696 2318 17990 18511 18851 12268 4834 5388 2761 1913 3306 10905 7379 8090 17071 9847 3671
953 17103 18984 3045 2071 17320 3645 98 10144 12100 5713 5558 3795 9741 10533 13665 19357 10643 5240 7980 19584 12495 4146 13080 12141 655
12735 2902 411 6396 10338 4997 7458 11679 4196 4153 13489 16369 18454 14570 1678 13111 9014 9282 14365 896 18086 3468 18542 3906 498 15620
5891 11133 14547 1962 9587 17755 2830 10269 10375 18104 11392 17610 13615 1121 5252 15268 14819 19834 5390 711 8905 13775 1380 8951 6730 2199
884 8620 18830 4699 8643 19961 83 19456 9763 16700 12157 26 9200 15178 7078 9917 1685 234 13049 13411 3592 2525 10205 7678 19608 12256
17851 1592 16276 19949 8805 7938 16760 2292 12462 2325 16711 203 11413 19205 6954 2060 1631 17811 13555 12256 17528 19639 4910 13919 7144 10359
15993 484 11746 14415 242 18362 4082 15917 6166 16590 4063 5592 531 10910 3450 3872 11863 18668 16351 13273 13231 6861 11445 12137 8848 17142
8866 3258 4532 11948 13167 3094 7292 11530 18386 9395 13348 11744 4105 11840 4197 12533 960 13386 19631 18024 17155 12400 16373 216 14819 4981
1351 8559 1381 9138 8852 4772 11510 7541 11777 18628 4178 14109 795 13902 14841 8728 1187 8089 13569 8932 1781 17480 8095 4040 19940 6560
19665 9020 9393 2975 13014 17311 10995 12671 14307 10464 11445 2283 11233 1383 15684 7500 9725 16754 9683 890 9199 13957 8398 8553 12420 6066
10080 1504 1173 687 7120 2522 7764 14659 11763 13344 19947 13379 13312 17988 1930 5210 9928 6391 15213 5712 6531 12916 480 13068 18588 134
1408 15955 7089 8283 4052 15629 14847 326 1227 16707 10036 14552 13229 89 5518 12521 6022 2852 14335 1719 19281 10184 7528 2275 15252 2488
11630 11751 14281 17057 7731 415 13843 5802 2116 2472 19946 9229 2115 15668 15885 4815 6629 13415 4738 14589 7668 12564 14988 8789 499 4493
2125 10057 18277 6113 14874 11714 2772 13565 8443 142 3625 1260 15075 9022 13043 201 3424 13380 154 10539 14039 17220 5580 844 18947 14898
19646 6054 3952 6431 15939 12873 17953 11873 7593 11346 15054 8900 18152 6860 3957 17362 8738 1307 11996 10441 17894 8305 733 3576 8071 19000
906 2027 12556 17682 14789 7094 364 17534 13145 4996 18495 8395 11003 4708 15038 11004 18278 9683 10482 16549 17983 302 19582 12623 7574 8351
18752 8473 3472 9607 17276 16689 15808 3917 3535 2681 8624 851 12007 9945 10285 9005 13939 19287 15205 368 12663 18176 7954 4188 1609 16752
9667 7729 19590 3432 10823 19763 14566 16067 9339 1353 282 14532 13982 3680 14857 5648 17102 8517 5724 6647 3273 19474 3323 13220 8392 11582
4529 4794 12264 18937 13541 8823 6965 474 11788 6379 17079 6751 2190 11007 19375 1019 18614 1940 18178 8385 3334 17016 10039 9734 365 1636
9447 17794 4343 14268 3048 9363 8744 17443 2916 5072 6320 19692 9346 10390 18135 4008 7447 13154 6855 14764 13006 7891 18442 15191 5750 17897
9915 1989 3917 1404 3715 773 17023 8328 7435 19367 16100 7142 7138 5263 13630 10313 3268 6636 5339 9655 19183 347 1707 19 18718 12789
17280 12043 12902 8641 4035 16030 5860 9392 11161 4324 10973 11340 12007 8797 14053 19017 10395 6051 13979 3470 7248 7603 471 11553 13386 15169
15558 11313 2345 12001 17293 10423 9045 11384 10828 7301 10503 9521 3956 9560 8919 11631 2091 15471 18718 9036 18903 15878 1919 17502 13488 2556
15961 10097 6613 11982 14503 15117 9337 5263 17996 6414 16488 10831 5281 10771 10232 2906 17917 13591 993 3766 8428 17204 7361 8836 16621 5050
12211 3249 19740 18336 6162 18378 19838 5027 10134 17860 5625 37 19721 1508 6037 3963 5281 4067 4703 14610 6041 19837 3006 18341 1798 6966
7048 13600 4406 7788 18003 7426 3881 15364 6541 629 6529 9402 18055 9118 7258 11022 2021 16197 19827 9535 1405 13587 2869 16964 7174 7648
8163 13565 9973 2413 9869 7733 19495 4493 17401 10033 10147 10573 13893 9328 7477 16841 8006 6904 3244 3553 10094 9974 5267 13428 11263 14903
7981 19149 12131 15321 4046 3082 13824 3869 7275 10543 11228 8403 14225 1385 18937 7716 18216 16193 4177 427 18219 19682 3267 14094 16101 3562
17340 1434 7427 15708 12913 7158 18281 19204 4365 799 1439 5570 854 15703 638 7619 5130 607 810 11200 12274 10718 16319 18371 12069 16557
2097 10821 7483 16289 9008 5344 206 16030 13061 14227 1838 9479 6712 12635 15170 2258 9987 14390 15336 9979 9703 9034 19720 10939 3199 16808
3016 4203 16741 4733 18093 18717 14509 4076 17906 19633 18092 14323 12902 17937 10118 9411 13807 7099 13468 6993 11703 18214 4958 7011 6542 6679
15319 2830 15911 8258 18045 17012 15133 8145 13408 5006 11024 8959 2208 10276 4747 5955 13334 15990 17716 6711 9936 15609 10587 11626 6445 2054
12003 19544 3253 19540 18645 8087 12155 14155 17052 13955 5470 13104 5284 9242 15590 2647 17040 6288 12688 10166 9839 8772 1292 8332 17906 462
3145 2667 18283 377 9475 2864 16402 3666 5574 8859 1518 10354 14070 9323 3632 17111 10875 4030 9947 16890 14973 18727 10989 3488 10152 17708
11786 14088 12405 327 1348 1192 3961 10435 16142 14717 9730 18679 10982 13160 19073 17527 19874 681 4249 12187 3329 5037 4217 9783 9811 18798
6046 18527 9942 883 15456 11748 7665 13775 15746 2440 4943 4135 3962 10257 6906 9498 14160 1024 14804 8209 4065 18814 11607 3820 16965 1718
19435 8979 17268 17059 9795 4320 1597 14008 4955 1070 28 12630 8673 18477 13809 16694 16946 3482 1505 19534 228 15612 3232 10720 6466 9196
10340 8325 15566 6681 16165 14921 2782 13361 2690 8396 19159 18834 17956 3672 8167 7738 17636 14699 12968 19908 11119 726 13654 13046 7601 7176
12476 6927 4247 8809 4620 11457 3790 5888 13652 3565 10358 19518 18902 2774 2620 12707 9941 18602 3583 8272 14361 18350 19610 15376 18403 12151
11605 17941 16986 456 18813 3502 7719 12226 10753 17694 11885 12484 2507 4516 1275 4743 1197 5771 9390 10856 15172 2399 2959 2499 13363 5828
19030 17052 16915 16055 5691 14162 11819 549 11330 430 18950 8864 11178 13545 5735 9198 4782 18705 10589 9368 14030 15121 10727 7015 12758 11070
14691 8772 7964 11910 13381 9101 14972 7609 2502 5595 5504 18492 14586 15438 4496 17950 17239 5271 5381 16496 19547 5320 240 10450 1093 17935
4501 9884 11428 16504 2854 4167 12298 3623 45 18777 3669 8539 9418 5756 13027 17657 9123 10854 3021 3966 6987 19894 10607 18148 3317 6935
1462 568 9156 11324 17999 875 10668 12172 11817 9461 14122 19529 15647 9839 14647 5696 4414 242 11324 6017 5622 1360 10288 16454 19744 2727
7971 1969 9366 11202 8578 10159 5162 11637 6439 3569 8297 8560 17497 5039 166 8711 15947 12325 17629 6796 11796 7413 11463 11004 14348 17779
9366 4807 9955 14231 4027 11394 12393 12537 11913 5842 16028 7850 16230 6183 18365 43 15928 2835 3021 14104 16695 470 16515 18190 6523 4019
6391 12013 16369 15668 8963 19013 2865 8871 2239 15255 3393 18722 896 15366 10748 1377 3915 18835 10201 19911 8368 192 11821 13618 3624 12114
17914 15548 17801 7861 11899 728 5151 9611 12293 14103 720 6937 15883 10625 16746 6887 19165 10245 699 16263 9638 13576 7401 9391 13411 11226
13445 16351 13763 14552 9926 18266 2531 16497 18351 15974 18289 14879 3940 17136 16440 6249 10207 12266 11272 3488 5709 5974 10317 11253 1106 3249
13521 11786 19319 9854 10706 3937 2786 1257 12068 16298 11859 14319 11038 5160 5176 6221 11536 3575 17112 3009 4266 16509 10453 7544 16873 3163
10909 10726 4074 19117 16569 11539 16431 19200 6415 4672 11484 9287 6538 2264 19736 15471 1831 6304 8713 16788 12233 17480 8804 3148 1546 13524
15325 4001 18549 9510 17958 11450 2166 15993 12685 8974 3816 17014 12796 10325 9985 13386 9273 19580 18662 4106 1411 274 2665 1416 2304 12305
11645 12660 6360 14306 11691 874 429 976 10432 13344 14800 3687 9341 18501 1012 13440 6976 5809 19814 3844 11551 2786 305 5962 14917 6953
430 4336 317 18670 12926 18118 6902 13704 18167 13981 17485 5077 10368 7803 7718 12587 13580 12254 1662 13920 8766 11415 2196 19996 19515 1098
14929 18676 6612 13366 2306 8101 16420 11236 10967 10855 18326 9523 17880 17705 13290 9402 10002 19940 17723 18572 8239 4464 7737 18120 8000 16845
3754 8863 4602 9596 4070 2737 15546 9397 8184 3876 1084 2787 12733 4445 4242 517 16132 13391 11311 11422 4763 19808 1328 17074 696 15320
2633 11757 2773 5642 5787 10412 13524 13167 18153 9343 2509 9729 18286 14591 13493 17781 10952 6705 9242 6258 2238 13934 13835 4221 12194 9949
